[[[[ 4.78506540e+00  7.41380352e-01  0.00000000e+00 ...  0.00000000e+00
     1.74793568e-01  1.74793568e-01]
   [ 7.41380352e-01  1.11894687e+00  0.00000000e+00 ...  0.00000000e+00
     4.08678365e-01  4.08678365e-01]
   [ 0.00000000e+00  0.00000000e+00  1.11581381e+00 ...  0.00000000e+00
     0.00000000e+00  0.00000000e+00]
   ...
   [ 0.00000000e+00  0.00000000e+00  0.00000000e+00 ...  1.11581381e+00
    -1.75787694e-01 -1.75787694e-01]
   [ 1.74793568e-01  4.08678365e-01  0.00000000e+00 ... -1.75787694e-01
     5.35418763e-01  1.64237735e-01]
   [ 1.74793568e-01  4.08678365e-01  0.00000000e+00 ... -1.75787694e-01
     1.64237735e-01  5.35418763e-01]]

  [[ 7.41380352e-01  1.36873385e-01  0.00000000e+00 ...  0.00000000e+00
     3.19809147e-02  3.19809147e-02]
   [ 1.36873385e-01  2.56633395e-01  0.00000000e+00 ...  0.00000000e+00
     9.48329660e-02  9.48329660e-02]
   [ 0.00000000e+00  0.00000000e+00  2.56683986e-01 ...  0.00000000e+00
     0.00000000e+00  0.00000000e+00]
   ...
   [ 0.00000000e+00  0.00000000e+00  0.00000000e+00 ...  2.56683986e-01
    -4.13348650e-02 -4.13348650e-02]
   [ 3.19809147e-02  9.48329660e-02  0.00000000e+00 ... -4.13348650e-02
     1.26262749e-01  3.84422403e-02]
   [ 3.19809147e-02  9.48329660e-02  0.00000000e+00 ... -4.13348650e-02
     3.84422403e-02  1.26262749e-01]]

  [[ 0.00000000e+00  0.00000000e+00  2.44774123e-02 ...  0.00000000e+00
     0.00000000e+00  0.00000000e+00]
   [ 0.00000000e+00  0.00000000e+00  3.78086074e-02 ...  0.00000000e+00
     0.00000000e+00  0.00000000e+00]
   [ 2.44774123e-02  3.78086074e-02  0.00000000e+00 ...  0.00000000e+00
     1.01213227e-02  1.01213227e-02]
   ...
   [ 0.00000000e+00  0.00000000e+00  0.00000000e+00 ...  0.00000000e+00
    -0.00000000e+00 -0.00000000e+00]
   [ 0.00000000e+00  0.00000000e+00  1.01213227e-02 ... -0.00000000e+00
     0.00000000e+00  0.00000000e+00]
   [ 0.00000000e+00  0.00000000e+00  1.01213227e-02 ... -0.00000000e+00
     0.00000000e+00  0.00000000e+00]]

  ...

  [[ 0.00000000e+00  0.00000000e+00  0.00000000e+00 ...  2.44774123e-02
    -8.99491869e-04 -8.99491869e-04]
   [ 0.00000000e+00  0.00000000e+00  0.00000000e+00 ...  3.78086074e-02
    -4.33753895e-03 -4.33753895e-03]
   [ 0.00000000e+00  0.00000000e+00  0.00000000e+00 ...  0.00000000e+00
    -0.00000000e+00 -0.00000000e+00]
   ...
   [ 2.44774123e-02  3.78086074e-02  0.00000000e+00 ...  0.00000000e+00
     1.17862245e-02  1.17862245e-02]
   [-8.99491869e-04 -4.33753895e-03 -0.00000000e+00 ...  1.17862245e-02
    -7.74787338e-03 -2.79989511e-03]
   [-8.99491869e-04 -4.33753895e-03 -0.00000000e+00 ...  1.17862245e-02
    -2.79989511e-03 -7.74787338e-03]]

  [[ 1.74793568e-01  3.19809147e-02  0.00000000e+00 ... -8.99491869e-04
     7.56916053e-03  7.45226274e-03]
   [ 3.19809147e-02  5.95210386e-02  0.00000000e+00 ... -1.67836493e-03
     2.25578470e-02  2.18531438e-02]
   [ 0.00000000e+00  0.00000000e+00  5.94086299e-02 ... -0.00000000e+00
     0.00000000e+00  0.00000000e+00]
   ...
   [-8.99491869e-04 -1.67836493e-03 -0.00000000e+00 ...  5.95378101e-02
    -1.02841424e-02 -9.96870901e-03]
   [ 7.56916053e-03  2.25578470e-02  0.00000000e+00 ... -1.02841424e-02
     3.03316854e-02  9.05127920e-03]
   [ 7.45226274e-03  2.18531438e-02  0.00000000e+00 ... -9.96870901e-03
     9.05127920e-03  2.90206887e-02]]

  [[ 1.74793568e-01  3.19809147e-02  0.00000000e+00 ... -8.99491869e-04
     7.45226274e-03  7.56916053e-03]
   [ 3.19809147e-02  5.95210386e-02  0.00000000e+00 ... -1.67836493e-03
     2.18531438e-02  2.25578470e-02]
   [ 0.00000000e+00  0.00000000e+00  5.94086299e-02 ... -0.00000000e+00
     0.00000000e+00  0.00000000e+00]
   ...
   [-8.99491869e-04 -1.67836493e-03 -0.00000000e+00 ...  5.95378101e-02
    -9.96870901e-03 -1.02841424e-02]
   [ 7.45226274e-03  2.18531438e-02  0.00000000e+00 ... -9.96870901e-03
     2.90206887e-02  9.05127920e-03]
   [ 7.56916053e-03  2.25578470e-02  0.00000000e+00 ... -1.02841424e-02
     9.05127920e-03  3.03316854e-02]]]


 [[[ 7.41380352e-01  1.36873385e-01  0.00000000e+00 ...  0.00000000e+00
     3.19809147e-02  3.19809147e-02]
   [ 1.36873385e-01  2.56633395e-01  0.00000000e+00 ...  0.00000000e+00
     9.48329660e-02  9.48329660e-02]
   [ 0.00000000e+00  0.00000000e+00  2.56683986e-01 ...  0.00000000e+00
     0.00000000e+00  0.00000000e+00]
   ...
   [ 0.00000000e+00  0.00000000e+00  0.00000000e+00 ...  2.56683986e-01
    -4.13348650e-02 -4.13348650e-02]
   [ 3.19809147e-02  9.48329660e-02  0.00000000e+00 ... -4.13348650e-02
     1.26262749e-01  3.84422403e-02]
   [ 3.19809147e-02  9.48329660e-02  0.00000000e+00 ... -4.13348650e-02
     3.84422403e-02  1.26262749e-01]]

  [[ 1.11894687e+00  2.56633395e-01  0.00000000e+00 ...  0.00000000e+00
     5.95210386e-02  5.95210386e-02]
   [ 2.56633395e-01  8.17206322e-01  0.00000000e+00 ...  0.00000000e+00
     3.32410538e-01  3.32410538e-01]
   [ 0.00000000e+00  0.00000000e+00  8.17022605e-01 ...  0.00000000e+00
     0.00000000e+00  0.00000000e+00]
   ...
   [ 0.00000000e+00  0.00000000e+00  0.00000000e+00 ...  8.17022605e-01
    -1.54758189e-01 -1.54758189e-01]
   [ 5.95210386e-02  3.32410538e-01  0.00000000e+00 ... -1.54758189e-01
     5.05874036e-01  1.45545419e-01]
   [ 5.95210386e-02  3.32410538e-01  0.00000000e+00 ... -1.54758189e-01
     1.45545419e-01  5.05874036e-01]]

  [[ 0.00000000e+00  0.00000000e+00  3.78086074e-02 ...  0.00000000e+00
     0.00000000e+00  0.00000000e+00]
   [ 0.00000000e+00  0.00000000e+00  1.80518392e-01 ...  0.00000000e+00
     0.00000000e+00  0.00000000e+00]
   [ 3.78086074e-02  1.80518392e-01  0.00000000e+00 ...  0.00000000e+00
     5.81919082e-02  5.81919082e-02]
   ...
   [ 0.00000000e+00  0.00000000e+00  0.00000000e+00 ...  0.00000000e+00
     0.00000000e+00  0.00000000e+00]
   [ 0.00000000e+00  0.00000000e+00  5.81919082e-02 ...  0.00000000e+00
     0.00000000e+00  0.00000000e+00]
   [ 0.00000000e+00  0.00000000e+00  5.81919082e-02 ...  0.00000000e+00
     0.00000000e+00  0.00000000e+00]]

  ...

  [[ 0.00000000e+00  0.00000000e+00  0.00000000e+00 ...  3.78086074e-02
    -1.67836493e-03 -1.67836493e-03]
   [ 0.00000000e+00  0.00000000e+00  0.00000000e+00 ...  1.80518392e-01
    -3.25927383e-02 -3.25927383e-02]
   [ 0.00000000e+00  0.00000000e+00  0.00000000e+00 ...  0.00000000e+00
     0.00000000e+00  0.00000000e+00]
   ...
   [ 3.78086074e-02  1.80518392e-01  0.00000000e+00 ...  0.00000000e+00
     7.26446515e-02  7.26446515e-02]
   [-1.67836493e-03 -3.25927383e-02  0.00000000e+00 ...  7.26446515e-02
    -7.91800975e-02 -2.46912949e-02]
   [-1.67836493e-03 -3.25927383e-02  0.00000000e+00 ...  7.26446515e-02
    -2.46912949e-02 -7.91800975e-02]]

  [[ 4.08678365e-01  9.48329660e-02  0.00000000e+00 ... -4.33753895e-03
     2.25578470e-02  2.18531438e-02]
   [ 9.48329660e-02  3.32410538e-01  0.00000000e+00 ... -3.25927383e-02
     1.64870476e-01  1.35081753e-01]
   [ 0.00000000e+00  0.00000000e+00  3.26907480e-01 ...  0.00000000e+00
     0.00000000e+00  0.00000000e+00]
   ...
   [-4.33753895e-03 -3.25927383e-02  0.00000000e+00 ...  3.32979221e-01
    -9.32348753e-02 -7.43131749e-02]
   [ 2.25578470e-02  1.64870476e-01  0.00000000e+00 ... -9.32348753e-02
     3.10261407e-01  7.12448243e-02]
   [ 2.18531438e-02  1.35081753e-01  0.00000000e+00 ... -7.43131749e-02
     7.12448243e-02  2.10614428e-01]]

  [[ 4.08678365e-01  9.48329660e-02  0.00000000e+00 ... -4.33753895e-03
     2.18531438e-02  2.25578470e-02]
   [ 9.48329660e-02  3.32410538e-01  0.00000000e+00 ... -3.25927383e-02
     1.35081753e-01  1.64870476e-01]
   [ 0.00000000e+00  0.00000000e+00  3.26907480e-01 ...  0.00000000e+00
     0.00000000e+00  0.00000000e+00]
   ...
   [-4.33753895e-03 -3.25927383e-02  0.00000000e+00 ...  3.32979221e-01
    -7.43131749e-02 -9.32348753e-02]
   [ 2.18531438e-02  1.35081753e-01  0.00000000e+00 ... -7.43131749e-02
     2.10614428e-01  7.12448243e-02]
   [ 2.25578470e-02  1.64870476e-01  0.00000000e+00 ... -9.32348753e-02
     7.12448243e-02  3.10261407e-01]]]


 [[[ 0.00000000e+00  0.00000000e+00  2.44774123e-02 ...  0.00000000e+00
     0.00000000e+00  0.00000000e+00]
   [ 0.00000000e+00  0.00000000e+00  3.78086074e-02 ...  0.00000000e+00
     0.00000000e+00  0.00000000e+00]
   [ 2.44774123e-02  3.78086074e-02  0.00000000e+00 ...  0.00000000e+00
     1.01213227e-02  1.01213227e-02]
   ...
   [ 0.00000000e+00  0.00000000e+00  0.00000000e+00 ...  0.00000000e+00
    -0.00000000e+00 -0.00000000e+00]
   [ 0.00000000e+00  0.00000000e+00  1.01213227e-02 ... -0.00000000e+00
     0.00000000e+00  0.00000000e+00]
   [ 0.00000000e+00  0.00000000e+00  1.01213227e-02 ... -0.00000000e+00
     0.00000000e+00  0.00000000e+00]]

  [[ 0.00000000e+00  0.00000000e+00  3.78086074e-02 ...  0.00000000e+00
     0.00000000e+00  0.00000000e+00]
   [ 0.00000000e+00  0.00000000e+00  1.80518392e-01 ...  0.00000000e+00
     0.00000000e+00  0.00000000e+00]
   [ 3.78086074e-02  1.80518392e-01  0.00000000e+00 ...  0.00000000e+00
     5.81919082e-02  5.81919082e-02]
   ...
   [ 0.00000000e+00  0.00000000e+00  0.00000000e+00 ...  0.00000000e+00
     0.00000000e+00  0.00000000e+00]
   [ 0.00000000e+00  0.00000000e+00  5.81919082e-02 ...  0.00000000e+00
     0.00000000e+00  0.00000000e+00]
   [ 0.00000000e+00  0.00000000e+00  5.81919082e-02 ...  0.00000000e+00
     0.00000000e+00  0.00000000e+00]]

  [[ 1.11581381e+00  2.56683986e-01  0.00000000e+00 ...  0.00000000e+00
     5.94086299e-02  5.94086299e-02]
   [ 2.56683986e-01  8.17022605e-01  0.00000000e+00 ...  0.00000000e+00
     3.26907480e-01  3.26907480e-01]
   [ 0.00000000e+00  0.00000000e+00  8.80159093e-01 ...  0.00000000e+00
     0.00000000e+00  0.00000000e+00]
   ...
   [ 0.00000000e+00  0.00000000e+00  0.00000000e+00 ...  7.85270203e-01
    -1.47674639e-01 -1.47674639e-01]
   [ 5.94086299e-02  3.26907480e-01  0.00000000e+00 ... -1.47674639e-01
     4.85258900e-01  1.42226643e-01]
   [ 5.94086299e-02  3.26907480e-01  0.00000000e+00 ... -1.47674639e-01
     1.42226643e-01  4.85258900e-01]]

  ...

  [[ 0.00000000e+00  0.00000000e+00  0.00000000e+00 ...  0.00000000e+00
    -0.00000000e+00 -0.00000000e+00]
   [ 0.00000000e+00  0.00000000e+00  0.00000000e+00 ...  0.00000000e+00
     0.00000000e+00  0.00000000e+00]
   [ 0.00000000e+00  0.00000000e+00  0.00000000e+00 ...  4.74444451e-02
    -6.83950691e-03 -6.83950691e-03]
   ...
   [ 0.00000000e+00  0.00000000e+00  4.74444451e-02 ...  0.00000000e+00
     0.00000000e+00  0.00000000e+00]
   [-0.00000000e+00  0.00000000e+00 -6.83950691e-03 ...  0.00000000e+00
    -0.00000000e+00 -0.00000000e+00]
   [-0.00000000e+00  0.00000000e+00 -6.83950691e-03 ...  0.00000000e+00
    -0.00000000e+00 -0.00000000e+00]]

  [[ 0.00000000e+00  0.00000000e+00  1.01213227e-02 ... -0.00000000e+00
     0.00000000e+00  0.00000000e+00]
   [ 0.00000000e+00  0.00000000e+00  5.81919082e-02 ...  0.00000000e+00
     0.00000000e+00  0.00000000e+00]
   [ 1.01213227e-02  5.81919082e-02  0.00000000e+00 ... -6.83950691e-03
     2.40088667e-02  1.90639008e-02]
   ...
   [-0.00000000e+00  0.00000000e+00 -6.83950691e-03 ...  0.00000000e+00
    -0.00000000e+00 -0.00000000e+00]
   [ 0.00000000e+00  0.00000000e+00  2.40088667e-02 ... -0.00000000e+00
     0.00000000e+00  0.00000000e+00]
   [ 0.00000000e+00  0.00000000e+00  1.90639008e-02 ... -0.00000000e+00
     0.00000000e+00  0.00000000e+00]]

  [[ 0.00000000e+00  0.00000000e+00  1.01213227e-02 ... -0.00000000e+00
     0.00000000e+00  0.00000000e+00]
   [ 0.00000000e+00  0.00000000e+00  5.81919082e-02 ...  0.00000000e+00
     0.00000000e+00  0.00000000e+00]
   [ 1.01213227e-02  5.81919082e-02  0.00000000e+00 ... -6.83950691e-03
     1.90639008e-02  2.40088667e-02]
   ...
   [-0.00000000e+00  0.00000000e+00 -6.83950691e-03 ...  0.00000000e+00
    -0.00000000e+00 -0.00000000e+00]
   [ 0.00000000e+00  0.00000000e+00  1.90639008e-02 ... -0.00000000e+00
     0.00000000e+00  0.00000000e+00]
   [ 0.00000000e+00  0.00000000e+00  2.40088667e-02 ... -0.00000000e+00
     0.00000000e+00  0.00000000e+00]]]


 ...


 [[[ 0.00000000e+00  0.00000000e+00  0.00000000e+00 ...  2.44774123e-02
    -8.99491869e-04 -8.99491869e-04]
   [ 0.00000000e+00  0.00000000e+00  0.00000000e+00 ...  3.78086074e-02
    -4.33753895e-03 -4.33753895e-03]
   [ 0.00000000e+00  0.00000000e+00  0.00000000e+00 ...  0.00000000e+00
    -0.00000000e+00 -0.00000000e+00]
   ...
   [ 2.44774123e-02  3.78086074e-02  0.00000000e+00 ...  0.00000000e+00
     1.17862245e-02  1.17862245e-02]
   [-8.99491869e-04 -4.33753895e-03 -0.00000000e+00 ...  1.17862245e-02
    -7.74787338e-03 -2.79989511e-03]
   [-8.99491869e-04 -4.33753895e-03 -0.00000000e+00 ...  1.17862245e-02
    -2.79989511e-03 -7.74787338e-03]]

  [[ 0.00000000e+00  0.00000000e+00  0.00000000e+00 ...  3.78086074e-02
    -1.67836493e-03 -1.67836493e-03]
   [ 0.00000000e+00  0.00000000e+00  0.00000000e+00 ...  1.80518392e-01
    -3.25927383e-02 -3.25927383e-02]
   [ 0.00000000e+00  0.00000000e+00  0.00000000e+00 ...  0.00000000e+00
     0.00000000e+00  0.00000000e+00]
   ...
   [ 3.78086074e-02  1.80518392e-01  0.00000000e+00 ...  0.00000000e+00
     7.26446515e-02  7.26446515e-02]
   [-1.67836493e-03 -3.25927383e-02  0.00000000e+00 ...  7.26446515e-02
    -7.91800975e-02 -2.46912949e-02]
   [-1.67836493e-03 -3.25927383e-02  0.00000000e+00 ...  7.26446515e-02
    -2.46912949e-02 -7.91800975e-02]]

  [[ 0.00000000e+00  0.00000000e+00  0.00000000e+00 ...  0.00000000e+00
    -0.00000000e+00 -0.00000000e+00]
   [ 0.00000000e+00  0.00000000e+00  0.00000000e+00 ...  0.00000000e+00
     0.00000000e+00  0.00000000e+00]
   [ 0.00000000e+00  0.00000000e+00  0.00000000e+00 ...  4.74444451e-02
    -6.83950691e-03 -6.83950691e-03]
   ...
   [ 0.00000000e+00  0.00000000e+00  4.74444451e-02 ...  0.00000000e+00
     0.00000000e+00  0.00000000e+00]
   [-0.00000000e+00  0.00000000e+00 -6.83950691e-03 ...  0.00000000e+00
    -0.00000000e+00 -0.00000000e+00]
   [-0.00000000e+00  0.00000000e+00 -6.83950691e-03 ...  0.00000000e+00
    -0.00000000e+00 -0.00000000e+00]]

  ...

  [[ 1.11581381e+00  2.56683986e-01  0.00000000e+00 ...  0.00000000e+00
     5.95378101e-02  5.95378101e-02]
   [ 2.56683986e-01  8.17022605e-01  0.00000000e+00 ...  0.00000000e+00
     3.32979221e-01  3.32979221e-01]
   [ 0.00000000e+00  0.00000000e+00  7.85270203e-01 ...  0.00000000e+00
     0.00000000e+00  0.00000000e+00]
   ...
   [ 0.00000000e+00  0.00000000e+00  0.00000000e+00 ...  8.80159093e-01
    -1.64127976e-01 -1.64127976e-01]
   [ 5.95378101e-02  3.32979221e-01  0.00000000e+00 ... -1.64127976e-01
     5.08208949e-01  1.49172056e-01]
   [ 5.95378101e-02  3.32979221e-01  0.00000000e+00 ... -1.64127976e-01
     1.49172056e-01  5.08208949e-01]]

  [[-1.75787694e-01 -4.13348650e-02 -0.00000000e+00 ...  1.17862245e-02
    -1.02841424e-02 -9.96870901e-03]
   [-4.13348650e-02 -1.54758189e-01  0.00000000e+00 ...  7.26446515e-02
    -9.32348753e-02 -7.43131749e-02]
   [-0.00000000e+00  0.00000000e+00 -1.47674639e-01 ...  0.00000000e+00
    -0.00000000e+00 -0.00000000e+00]
   ...
   [ 1.17862245e-02  7.26446515e-02  0.00000000e+00 ... -1.64127976e-01
     7.61510833e-02  5.93202938e-02]
   [-1.02841424e-02 -9.32348753e-02 -0.00000000e+00 ...  7.61510833e-02
    -2.00467366e-01 -4.52893642e-02]
   [-9.96870901e-03 -7.43131749e-02 -0.00000000e+00 ...  5.93202938e-02
    -4.52893642e-02 -1.27237844e-01]]

  [[-1.75787694e-01 -4.13348650e-02 -0.00000000e+00 ...  1.17862245e-02
    -9.96870901e-03 -1.02841424e-02]
   [-4.13348650e-02 -1.54758189e-01  0.00000000e+00 ...  7.26446515e-02
    -7.43131749e-02 -9.32348753e-02]
   [-0.00000000e+00  0.00000000e+00 -1.47674639e-01 ...  0.00000000e+00
    -0.00000000e+00 -0.00000000e+00]
   ...
   [ 1.17862245e-02  7.26446515e-02  0.00000000e+00 ... -1.64127976e-01
     5.93202938e-02  7.61510833e-02]
   [-9.96870901e-03 -7.43131749e-02 -0.00000000e+00 ...  5.93202938e-02
    -1.27237844e-01 -4.52893642e-02]
   [-1.02841424e-02 -9.32348753e-02 -0.00000000e+00 ...  7.61510833e-02
    -4.52893642e-02 -2.00467366e-01]]]


 [[[ 1.74793568e-01  3.19809147e-02  0.00000000e+00 ... -8.99491869e-04
     7.56916053e-03  7.45226274e-03]
   [ 3.19809147e-02  5.95210386e-02  0.00000000e+00 ... -1.67836493e-03
     2.25578470e-02  2.18531438e-02]
   [ 0.00000000e+00  0.00000000e+00  5.94086299e-02 ... -0.00000000e+00
     0.00000000e+00  0.00000000e+00]
   ...
   [-8.99491869e-04 -1.67836493e-03 -0.00000000e+00 ...  5.95378101e-02
    -1.02841424e-02 -9.96870901e-03]
   [ 7.56916053e-03  2.25578470e-02  0.00000000e+00 ... -1.02841424e-02
     3.03316854e-02  9.05127920e-03]
   [ 7.45226274e-03  2.18531438e-02  0.00000000e+00 ... -9.96870901e-03
     9.05127920e-03  2.90206887e-02]]

  [[ 4.08678365e-01  9.48329660e-02  0.00000000e+00 ... -4.33753895e-03
     2.25578470e-02  2.18531438e-02]
   [ 9.48329660e-02  3.32410538e-01  0.00000000e+00 ... -3.25927383e-02
     1.64870476e-01  1.35081753e-01]
   [ 0.00000000e+00  0.00000000e+00  3.26907480e-01 ...  0.00000000e+00
     0.00000000e+00  0.00000000e+00]
   ...
   [-4.33753895e-03 -3.25927383e-02  0.00000000e+00 ...  3.32979221e-01
    -9.32348753e-02 -7.43131749e-02]
   [ 2.25578470e-02  1.64870476e-01  0.00000000e+00 ... -9.32348753e-02
     3.10261407e-01  7.12448243e-02]
   [ 2.18531438e-02  1.35081753e-01  0.00000000e+00 ... -7.43131749e-02
     7.12448243e-02  2.10614428e-01]]

  [[ 0.00000000e+00  0.00000000e+00  1.01213227e-02 ... -0.00000000e+00
     0.00000000e+00  0.00000000e+00]
   [ 0.00000000e+00  0.00000000e+00  5.81919082e-02 ...  0.00000000e+00
     0.00000000e+00  0.00000000e+00]
   [ 1.01213227e-02  5.81919082e-02  0.00000000e+00 ... -6.83950691e-03
     2.40088667e-02  1.90639008e-02]
   ...
   [-0.00000000e+00  0.00000000e+00 -6.83950691e-03 ...  0.00000000e+00
    -0.00000000e+00 -0.00000000e+00]
   [ 0.00000000e+00  0.00000000e+00  2.40088667e-02 ... -0.00000000e+00
     0.00000000e+00  0.00000000e+00]
   [ 0.00000000e+00  0.00000000e+00  1.90639008e-02 ... -0.00000000e+00
     0.00000000e+00  0.00000000e+00]]

  ...

  [[-1.75787694e-01 -4.13348650e-02 -0.00000000e+00 ...  1.17862245e-02
    -1.02841424e-02 -9.96870901e-03]
   [-4.13348650e-02 -1.54758189e-01  0.00000000e+00 ...  7.26446515e-02
    -9.32348753e-02 -7.43131749e-02]
   [-0.00000000e+00  0.00000000e+00 -1.47674639e-01 ...  0.00000000e+00
    -0.00000000e+00 -0.00000000e+00]
   ...
   [ 1.17862245e-02  7.26446515e-02  0.00000000e+00 ... -1.64127976e-01
     7.61510833e-02  5.93202938e-02]
   [-1.02841424e-02 -9.32348753e-02 -0.00000000e+00 ...  7.61510833e-02
    -2.00467366e-01 -4.52893642e-02]
   [-9.96870901e-03 -7.43131749e-02 -0.00000000e+00 ...  5.93202938e-02
    -4.52893642e-02 -1.27237844e-01]]

  [[ 5.35418763e-01  1.26262749e-01  0.00000000e+00 ... -7.74787338e-03
     3.03316854e-02  2.90206887e-02]
   [ 1.26262749e-01  5.05874036e-01  0.00000000e+00 ... -7.91800975e-02
     3.10261407e-01  2.10614428e-01]
   [ 0.00000000e+00  0.00000000e+00  4.85258900e-01 ... -0.00000000e+00
     0.00000000e+00  0.00000000e+00]
   ...
   [-7.74787338e-03 -7.91800975e-02 -0.00000000e+00 ...  5.08208949e-01
    -2.00467366e-01 -1.27237844e-01]
   [ 3.03316854e-02  3.10261407e-01  0.00000000e+00 ... -2.00467366e-01
     7.74605944e-01  1.37139813e-01]
   [ 2.90206887e-02  2.10614428e-01  0.00000000e+00 ... -1.27237844e-01
     1.37139813e-01  3.45326940e-01]]

  [[ 1.64237735e-01  3.84422403e-02  0.00000000e+00 ... -2.79989511e-03
     9.05127920e-03  9.05127920e-03]
   [ 3.84422403e-02  1.45545419e-01  0.00000000e+00 ... -2.46912949e-02
     7.12448243e-02  7.12448243e-02]
   [ 0.00000000e+00  0.00000000e+00  1.42226643e-01 ... -0.00000000e+00
     0.00000000e+00  0.00000000e+00]
   ...
   [-2.79989511e-03 -2.46912949e-02 -0.00000000e+00 ...  1.49172056e-01
    -4.52893642e-02 -4.52893642e-02]
   [ 9.05127920e-03  7.12448243e-02  0.00000000e+00 ... -4.52893642e-02
     1.37139813e-01  3.71605728e-02]
   [ 9.05127920e-03  7.12448243e-02  0.00000000e+00 ... -4.52893642e-02
     3.71605728e-02  1.37139813e-01]]]


 [[[ 1.74793568e-01  3.19809147e-02  0.00000000e+00 ... -8.99491869e-04
     7.45226274e-03  7.56916053e-03]
   [ 3.19809147e-02  5.95210386e-02  0.00000000e+00 ... -1.67836493e-03
     2.18531438e-02  2.25578470e-02]
   [ 0.00000000e+00  0.00000000e+00  5.94086299e-02 ... -0.00000000e+00
     0.00000000e+00  0.00000000e+00]
   ...
   [-8.99491869e-04 -1.67836493e-03 -0.00000000e+00 ...  5.95378101e-02
    -9.96870901e-03 -1.02841424e-02]
   [ 7.45226274e-03  2.18531438e-02  0.00000000e+00 ... -9.96870901e-03
     2.90206887e-02  9.05127920e-03]
   [ 7.56916053e-03  2.25578470e-02  0.00000000e+00 ... -1.02841424e-02
     9.05127920e-03  3.03316854e-02]]

  [[ 4.08678365e-01  9.48329660e-02  0.00000000e+00 ... -4.33753895e-03
     2.18531438e-02  2.25578470e-02]
   [ 9.48329660e-02  3.32410538e-01  0.00000000e+00 ... -3.25927383e-02
     1.35081753e-01  1.64870476e-01]
   [ 0.00000000e+00  0.00000000e+00  3.26907480e-01 ...  0.00000000e+00
     0.00000000e+00  0.00000000e+00]
   ...
   [-4.33753895e-03 -3.25927383e-02  0.00000000e+00 ...  3.32979221e-01
    -7.43131749e-02 -9.32348753e-02]
   [ 2.18531438e-02  1.35081753e-01  0.00000000e+00 ... -7.43131749e-02
     2.10614428e-01  7.12448243e-02]
   [ 2.25578470e-02  1.64870476e-01  0.00000000e+00 ... -9.32348753e-02
     7.12448243e-02  3.10261407e-01]]

  [[ 0.00000000e+00  0.00000000e+00  1.01213227e-02 ... -0.00000000e+00
     0.00000000e+00  0.00000000e+00]
   [ 0.00000000e+00  0.00000000e+00  5.81919082e-02 ...  0.00000000e+00
     0.00000000e+00  0.00000000e+00]
   [ 1.01213227e-02  5.81919082e-02  0.00000000e+00 ... -6.83950691e-03
     1.90639008e-02  2.40088667e-02]
   ...
   [-0.00000000e+00  0.00000000e+00 -6.83950691e-03 ...  0.00000000e+00
    -0.00000000e+00 -0.00000000e+00]
   [ 0.00000000e+00  0.00000000e+00  1.90639008e-02 ... -0.00000000e+00
     0.00000000e+00  0.00000000e+00]
   [ 0.00000000e+00  0.00000000e+00  2.40088667e-02 ... -0.00000000e+00
     0.00000000e+00  0.00000000e+00]]

  ...

  [[-1.75787694e-01 -4.13348650e-02 -0.00000000e+00 ...  1.17862245e-02
    -9.96870901e-03 -1.02841424e-02]
   [-4.13348650e-02 -1.54758189e-01  0.00000000e+00 ...  7.26446515e-02
    -7.43131749e-02 -9.32348753e-02]
   [-0.00000000e+00  0.00000000e+00 -1.47674639e-01 ...  0.00000000e+00
    -0.00000000e+00 -0.00000000e+00]
   ...
   [ 1.17862245e-02  7.26446515e-02  0.00000000e+00 ... -1.64127976e-01
     5.93202938e-02  7.61510833e-02]
   [-9.96870901e-03 -7.43131749e-02 -0.00000000e+00 ...  5.93202938e-02
    -1.27237844e-01 -4.52893642e-02]
   [-1.02841424e-02 -9.32348753e-02 -0.00000000e+00 ...  7.61510833e-02
    -4.52893642e-02 -2.00467366e-01]]

  [[ 1.64237735e-01  3.84422403e-02  0.00000000e+00 ... -2.79989511e-03
     9.05127920e-03  9.05127920e-03]
   [ 3.84422403e-02  1.45545419e-01  0.00000000e+00 ... -2.46912949e-02
     7.12448243e-02  7.12448243e-02]
   [ 0.00000000e+00  0.00000000e+00  1.42226643e-01 ... -0.00000000e+00
     0.00000000e+00  0.00000000e+00]
   ...
   [-2.79989511e-03 -2.46912949e-02 -0.00000000e+00 ...  1.49172056e-01
    -4.52893642e-02 -4.52893642e-02]
   [ 9.05127920e-03  7.12448243e-02  0.00000000e+00 ... -4.52893642e-02
     1.37139813e-01  3.71605728e-02]
   [ 9.05127920e-03  7.12448243e-02  0.00000000e+00 ... -4.52893642e-02
     3.71605728e-02  1.37139813e-01]]

  [[ 5.35418763e-01  1.26262749e-01  0.00000000e+00 ... -7.74787338e-03
     2.90206887e-02  3.03316854e-02]
   [ 1.26262749e-01  5.05874036e-01  0.00000000e+00 ... -7.91800975e-02
     2.10614428e-01  3.10261407e-01]
   [ 0.00000000e+00  0.00000000e+00  4.85258900e-01 ... -0.00000000e+00
     0.00000000e+00  0.00000000e+00]
   ...
   [-7.74787338e-03 -7.91800975e-02 -0.00000000e+00 ...  5.08208949e-01
    -1.27237844e-01 -2.00467366e-01]
   [ 2.90206887e-02  2.10614428e-01  0.00000000e+00 ... -1.27237844e-01
     3.45326940e-01  1.37139813e-01]
   [ 3.03316854e-02  3.10261407e-01  0.00000000e+00 ... -2.00467366e-01
     1.37139813e-01  7.74605944e-01]]]]