[[-6.17325122e+01 -7.44678119e+00  0.00000000e+00  0.00000000e+00
   1.92968022e-02 -1.77811635e+00 -1.77811635e+00]
 [-7.44678119e+00 -1.01505414e+01  0.00000000e+00  0.00000000e+00
   2.26360467e-01 -3.92011399e+00 -3.92011399e+00]
 [ 0.00000000e+00  0.00000000e+00 -9.99258886e+00  0.00000000e+00
   0.00000000e+00  0.00000000e+00  0.00000000e+00]
 [ 0.00000000e+00  0.00000000e+00  0.00000000e+00 -1.01515192e+01
   0.00000000e+00  2.27674466e+00 -2.27674466e+00]
 [ 1.92968022e-02  2.26360467e-01  0.00000000e+00  0.00000000e+00
  -1.00878698e+01  1.83745179e+00  1.83745179e+00]
 [-1.77811635e+00 -3.92011399e+00  0.00000000e+00  2.27674466e+00
   1.83745179e+00 -5.86701544e+00 -1.65167186e+00]
 [-1.77811635e+00 -3.92011399e+00  0.00000000e+00 -2.27674466e+00
   1.83745179e+00 -1.65167186e+00 -5.86701544e+00]]