[[-3.27293122e+01 -7.61479213e+00  0.00000000e+00  0.00000000e+00
   1.92968022e-02 -1.78011086e+00 -1.78011086e+00]
 [-7.61479213e+00 -9.34241348e+00  0.00000000e+00  0.00000000e+00
   2.26360467e-01 -3.78801326e+00 -3.78801326e+00]
 [ 0.00000000e+00  0.00000000e+00 -7.46385766e+00  0.00000000e+00
   0.00000000e+00  0.00000000e+00  0.00000000e+00]
 [ 0.00000000e+00  0.00000000e+00  0.00000000e+00 -7.62278801e+00
   0.00000000e+00  2.04756196e+00 -2.04756196e+00]
 [ 1.92968022e-02  2.26360467e-01  0.00000000e+00  0.00000000e+00
  -7.55913859e+00  1.65999958e+00  1.65999958e+00]
 [-1.78011086e+00 -3.78801326e+00  0.00000000e+00  2.04756196e+00
   1.65999958e+00 -5.10698355e+00 -1.64222761e+00]
 [-1.78011086e+00 -3.78801326e+00  0.00000000e+00 -2.04756196e+00
   1.65999958e+00 -1.64222761e+00 -5.10698355e+00]]